Preference: 
[| 3, 4, 1, 1, 1, 1, 2, 2, 2, 4, 4, 2, 2, 3, 2
 | 2, 4, 4, 1, 1, 3, 1, 1, 1, 2, 1, 1, 1, 5, 1
 | 3, 4, 3, 5, 5, 5, 3, 3, 4, 3, 4, 4, 3, 3, 3
 | 5, 2, 3, 1, 1, 1, 4, 4, 2, 4, 4, 4, 2, 3, 2
 | 2, 2, 1, 5, 2, 3, 4, 4, 5, 4, 2, 2, 3, 5, 5
 | 3, 4, 3, 2, 2, 1, 3, 3, 4, 4, 4, 2, 3, 3, 3
 | 4, 3, 4, 2, 2, 2, 3, 4, 3, 3, 3, 2, 3, 4, 3
 | 5, 5, 2, 1, 1, 1, 5, 5, 3, 5, 5, 5, 5, 2, 5
 | 5, 5, 5, 1, 1, 1, 5, 5, 5, 5, 5, 5, 5, 5, 5
 | 5, 3, 5, 1, 1, 1, 5, 5, 3, 5, 5, 2, 5, 3, 5
 | 4, 2, 4, 4, 2, 2, 3, 4, 2, 3, 3, 4, 3, 2, 3
 | 5, 5, 5, 3, 3, 3, 3, 5, 3, 5, 5, 5, 5, 5, 5
 | 5, 5, 5, 1, 1, 3, 5, 5, 5, 5, 5, 5, 5, 5, 5
 | 4, 4, 4, 4, 2, 2, 3, 4, 4, 4, 4, 4, 3, 3, 4
 | 2, 2, 2, 1, 1, 1, 2, 2, 2, 2, 1, 2, 2, 2, 2
 | 5, 5, 5, 5, 5, 5, 5, 5, 5, 5, 5, 5, 5, 5, 5
 | 5, 5, 5, 5, 4, 4, 5, 5, 3, 5, 4, 5, 5, 3, 4
 | 2, 2, 4, 5, 5, 5, 2, 2, 5, 2, 1, 3, 3, 2, 2
 | 2, 3, 1, 3, 2, 2, 4, 1, 2, 1, 2, 1, 1, 2, 4
 | 5, 4, 3, 3, 3, 3, 5, 5, 4, 5, 3, 4, 5, 3, 5
 | 5, 5, 5, 2, 1, 2, 5, 5, 3, 3, 5, 5, 5, 5, 5
 | 4, 2, 3, 3, 2, 4, 4, 3, 4, 5, 4, 4, 4, 3, 4
 | 3, 3, 3, 2, 1, 2, 5, 3, 5, 3, 2, 3, 1, 5, 4
 | 3, 4, 3, 4, 4, 4, 3, 3, 4, 3, 3, 4, 4, 5, 3
 | 2, 2, 2, 3, 4, 2, 5, 2, 2, 4, 4, 1, 1, 2, 4
 | 2, 3, 2, 5, 1, 1, 5, 5, 4, 2, 2, 5, 4, 2, 4
 | 3, 3, 4, 1, 1, 2, 3, 4, 2, 3, 3, 2, 3, 2, 4
 | 2, 2, 2, 1, 1, 2, 1, 3, 3, 2, 1, 1, 1, 1, 2
 | 5, 4, 1, 5, 3, 5, 5, 5, 5, 5, 5, 5, 5, 1, 5
 | 5, 2, 5, 1, 1, 1, 5, 5, 2, 5, 2, 3, 5, 3, 5
 | 2, 5, 5, 3, 3, 1, 5, 5, 5, 5, 5, 2, 5, 5, 1
 | 5, 5, 5, 5, 5, 5, 5, 5, 5, 5, 5, 5, 5, 5, 5
 | 4, 1, 2, 2, 1, 1, 3, 2, 1, 3, 3, 1, 4, 2, 3
 | 1, 3, 2, 1, 2, 4, 3, 2, 5, 5, 4, 3, 5, 4, 1
 | 3, 2, 2, 5, 4, 2, 3, 2, 5, 3, 1, 2, 3, 4, 2
 | 5, 1, 3, 2, 3, 4, 3, 5, 1, 4, 5, 5, 5, 3, 3
 | 1, 3, 3, 3, 4, 4, 1, 5, 3, 2, 2, 1, 2, 1, 2
 |]
Lower: 
[5, 5, 3, 10, 10, 10, 5, 10, 10, 3, 3, 3, 3, 5, 5]
Upper: 
[10, 10, 6, 20, 20, 20, 10, 20, 20, 6, 6, 6, 6, 10, 10]
Ideal Preference Cost
[3, 3, 9, 3, 5, 5, 6, 3, 3, 3, 6, 9, 5, 7, 3, 0, 6, 5, 3, 9, 5, 7, 4, 9, 4, 4, 4, 3, 5, 3, 4, 0, 3, 3, 5, 4, 3]

VARIABLES:
Max Regret: 1 
Total Preference Cost: 171 
Total Company Dissapointment: 0

Interview: 
[| 0, 0, 1, 1, 0, 0, 0, 1, 0, 0, 0, 0, 0, 0, 0
 | 0, 0, 0, 0, 0, 0, 1, 1, 1, 0, 0, 0, 0, 0, 0
 | 0, 0, 0, 0, 0, 0, 0, 1, 0, 1, 0, 0, 0, 0, 1
 | 0, 0, 0, 1, 1, 1, 0, 0, 0, 0, 0, 0, 0, 0, 0
 | 1, 1, 1, 0, 0, 0, 0, 0, 0, 0, 0, 0, 0, 0, 0
 | 0, 0, 0, 0, 1, 1, 0, 1, 0, 0, 0, 0, 0, 0, 0
 | 0, 0, 0, 1, 1, 0, 0, 0, 0, 0, 0, 1, 0, 0, 0
 | 0, 0, 0, 1, 1, 1, 0, 0, 0, 0, 0, 0, 0, 0, 0
 | 0, 0, 0, 1, 1, 1, 0, 0, 0, 0, 0, 0, 0, 0, 0
 | 0, 0, 0, 1, 1, 1, 0, 0, 0, 0, 0, 0, 0, 0, 0
 | 0, 1, 0, 0, 1, 0, 0, 0, 1, 0, 0, 0, 0, 0, 0
 | 0, 0, 0, 1, 0, 0, 1, 0, 1, 0, 0, 0, 0, 0, 0
 | 0, 0, 0, 1, 1, 1, 0, 0, 0, 0, 0, 0, 0, 0, 0
 | 0, 0, 0, 0, 1, 1, 1, 0, 0, 0, 0, 0, 0, 0, 0
 | 0, 0, 0, 1, 0, 0, 0, 0, 1, 0, 1, 0, 0, 0, 0
 | 0, 0, 0, 0, 0, 0, 0, 0, 0, 0, 0, 0, 0, 0, 0
 | 0, 0, 0, 0, 0, 0, 0, 0, 1, 0, 0, 0, 0, 1, 0
 | 1, 0, 0, 0, 0, 0, 0, 1, 0, 0, 1, 0, 0, 0, 0
 | 0, 0, 0, 0, 0, 0, 0, 1, 0, 1, 0, 0, 1, 0, 0
 | 0, 0, 1, 1, 0, 0, 0, 0, 0, 0, 0, 0, 0, 1, 0
 | 0, 0, 0, 1, 1, 1, 0, 0, 0, 0, 0, 0, 0, 0, 0
 | 0, 1, 0, 0, 1, 0, 0, 1, 0, 0, 0, 0, 0, 0, 0
 | 0, 0, 0, 0, 1, 0, 0, 1, 0, 0, 0, 0, 1, 0, 0
 | 0, 0, 0, 0, 0, 0, 0, 1, 0, 1, 0, 0, 0, 0, 1
 | 0, 0, 0, 0, 0, 0, 0, 0, 1, 0, 0, 1, 1, 0, 0
 | 1, 0, 0, 0, 1, 1, 0, 0, 0, 0, 0, 0, 0, 0, 0
 | 0, 0, 0, 1, 1, 0, 0, 0, 1, 0, 0, 0, 0, 0, 0
 | 0, 0, 0, 0, 0, 0, 1, 0, 0, 0, 1, 0, 0, 1, 0
 | 0, 0, 1, 0, 1, 0, 0, 0, 0, 0, 0, 0, 0, 1, 0
 | 0, 0, 0, 1, 0, 1, 0, 0, 1, 0, 0, 0, 0, 0, 0
 | 0, 0, 0, 0, 0, 1, 0, 0, 0, 0, 0, 1, 0, 0, 1
 | 0, 0, 0, 0, 0, 0, 0, 0, 0, 0, 0, 0, 0, 0, 0
 | 0, 1, 0, 0, 1, 0, 0, 0, 1, 0, 0, 0, 0, 0, 0
 | 1, 0, 0, 1, 0, 0, 0, 0, 0, 0, 0, 0, 0, 0, 1
 | 0, 0, 0, 0, 0, 0, 0, 1, 0, 0, 1, 0, 0, 0, 1
 | 0, 1, 0, 1, 0, 0, 0, 0, 1, 0, 0, 0, 0, 0, 0
 | 1, 0, 0, 0, 0, 0, 1, 0, 0, 0, 0, 0, 0, 1, 0
 |]
Assigned Preference: 
[4, 3, 9, 3, 5, 6, 6, 3, 3, 3, 6, 9, 5, 7, 4, 0, 6, 5, 3, 9, 5, 7, 5, 9, 4, 4, 4, 3, 5, 4, 4, 0, 3, 3, 5, 4, 3]
Regret: 
[1, 0, 0, 0, 0, 1, 0, 0, 0, 0, 0, 0, 0, 0, 1, 0, 0, 0, 0, 0, 0, 0, 1, 0, 0, 0, 0, 0, 0, 1, 0, 0, 0, 0, 0, 0, 0]
Disappointment: 
[0, 0, 0, 0, 0, 0, 0, 0, 0, 0, 0, 0, 0, 0, 0]
----------
==========
